a = 11 / 100;
b = 27 / 100;

T1 = 12*a;
T2 = -10*b;
T3 = -9*b;
T = T1+T2+T3