t_w = .59 / 100;
t_t = 2.5 / 100;
w_t = 21.2 / 100;
d = 1.1e3;

m_sw = pi*(.305^2-.165^2)*t_w*d;
I_sw = 1/2*m_sw*(.165^2+.305^2)

m_t = pi*(.33^2-.305^2)*w_t*d;
I_t = 1/2*m_t*(.33^2+.305^2)
I = 2*I_sw+I_t