w = 3.7;
m1 = 4;
r1 = 3;
m2 = 2;
r2 = 2;
m3 = 3;
r3 = 4;

I = m1*r1^2+m2*r2^2+m3*r3^2
KE = .5*I*w^2

v1 = w*r1
v2 = w*r2
v3 = w*r3