m1 = 2.1;
d1 = 3.05;
m2 = 2.99;
d2 = 2.54;
m3 = 2.43;
d3 = 0;
m4 = 4.09;
d4 = -.494;

com = (m1*d1+m2*d2+m3*d3+m4*d4)/(m1+m2+m3+m4)