m1 = 2.2e24;
m2 = 9e24;
r1 = 3.6e6;
r2 = 4.6e6;
G = 6.67e-11;


d = r1+r2;
K1 = 1/2*m1*(m2*sqrt(2*G/(d*(m1+m2))))^2
K2 = 1/2*m2*(m1*sqrt(2*G/(d*(m1+m2))))^2