w = 109; 
u = .585;

R = w/(2*u)