m1 = 2;
m2 = 3;
m3 = 4.4;
F = 22;

a = F/(m1+m2+m3)

F1 = m1*a
F2 = m2*a
F3 = m3*a

F12 = F-F1
F23 = F3