m = 10.5 * 1/1000;
v = 270;
d = 24.9 * 1/100;

a = v^2/(2*d);
f = m*a
