m2 = 8.3;
m1 = 5;
u = .166;
g = 9.81;

T = m1*m2*g*(1+u)/(m1+m2)