r = 31 * 1/100;
v = 49.8 * 1/100;
g = 9.81;

u = v^2/(r*g)