m = 14 / 1000;
v = 737;
l = 74.6 / 100;

ke = 1/2*m*v^2/1000
f = ke/l
a = f/m