m = 2200;
h = 4.60;
d = 15 / 100;
g = 9.81;

f = m*g*(h+d)/d