m = 7.8 / 1000;
v = 560;
d = 6.6 / 100;

w = 1/2*m*v^2;
f = w/d
a = f/m;
t = v/a