m1 = 3.9;
d = 2.8 / 100;
m2 = 1.5;
g = 9.81;

k = m1*g/d;
x = m2*g/k * 100
W = 1/2*k*(.04)^2