m = .249;
k = 4900;
x = .105;
g = 9.81;

pe = 1/2*k*x^2;
h = pe/(m*g)
