l = 51.9 / 100;
g = 9.81;

v = sqrt(2*g*l*2)