m = 4000;
k1 = 1500;
k2 = 3300;
x1 = 29.7 / 100;
x2 = (53 - x1) / 100;

v = sqrt((k1*(x1+x2)^2 + k2*x2^2)/m)