m = .06;
v1 = 55.5;
v2 = 39;

p1 = m*v1;
p2 = m*-v2;
I = p1-p2

w = (1/2)*m*(v2^2-v1^2)